INI 500 500
G 100 50 50 10 10
G 100 100 100 12 8
G 90 150 150 15 10
G 80 200 200 20 15
G 75 250 250 25 20
G 70 300 300 30 25
G 65 350 350 35 30
G 60 400 400 40 35
G 55 450 450 45 40
G 50 25 25 12 18
G 45 75 75 18 22
G 40 125 125 10 16
G 35 175 175 20 25
G 30 225 225 12 12
G 25 275 275 18 20
G 20 325 325 22 18
G 15 375 375 25 25
G 10 425 425 30 30
G 5 475 475 35 35
G 100 50 450 10 10
G 95 100 400 12 12
G 90 150 350 15 15
G 85 200 300 18 18
G 80 250 250 20 20
G 75 300 200 22 22
G 70 350 150 25 25
G 65 400 100 28 28
G 60 450 50 30 30
G 55 50 400 10 15
G 50 100 350 15 20
G 45 150 300 20 25
G 40 200 250 25 30
G 35 250 200 30 35
G 30 300 150 12 18
G 25 350 100 15 22
G 20 400 50 18 25
G 15 450 400 10 10
G 10 25 375 15 15
G 5 75 350 20 20
G 100 125 325 25 25
G 95 175 300 30 30
G 90 225 275 35 35
G 85 275 250 10 18
G 80 325 225 12 22
G 75 375 200 15 25
G 70 425 175 18 30
G 65 475 150 20 35
G 60 25 125 22 10
G 55 75 100 25 12
G 50 125 75 28 15
G 45 175 50 30 18
G 40 225 25 35 20
G 35 275 400 10 10
G 30 325 375 15 12
G 25 375 350 18 15
G 20 425 325 20 18
G 15 475 300 25 20
G 10 25 275 28 22
G 5 75 250 30 25
G 100 125 225 35 28
G 95 175 200 10 10
G 90 225 175 12 12
G 85 275 150 15 15
G 80 325 125 18 18
G 75 375 100 20 20
G 70 425 75 22 22
G 65 475 50 25 25
G 60 25 25 28 28
G 55 75 450 30 30
G 50 125 400 35 35
G 45 175 350 10 18
G 40 225 300 12 22
G 35 275 250 15 25
G 30 325 200 18 30
G 25 375 150 20 35
G 20 425 100 22 10
G 15 475 50 25 12
G 10 25 450 28 15
G 5 75 400 30 18
G 100 125 350 35 20
G 95 175 300 10 10
G 90 225 250 15 15
G 85 275 200 20 20
G 80 325 150 25 25
G 75 375 100 30 30
G 70 425 50 35 35
G 65 475 400 12 12
G 60 25 375 15 15
G 55 75 350 20 20
G 50 125 325 25 25
G 45 175 300 30 30
G 40 225 275 35 35
G 35 275 250 10 18
G 30 325 225 12 22
G 25 375 200 15 25
G 20 425 175 18 30
G 15 475 150 20 35
G 10 25 125 22 10
G 5 75 100 25 12
G 100 125 75 28 15
G 95 175 50 30 18
G 90 225 25 35 20
G 85 275 400 10 10
G 80 325 375 15 12
G 75 375 350 18 15
G 70 425 325 20 18
G 65 475 300 25 20
G 60 25 275 28 22
G 55 75 250 30 25
G 50 125 225 35 28
G 45 175 200 10 10
G 40 225 175 12 12
G 35 275 150 15 15
G 30 325 125 18 18
G 25 375 100 20 20
G 20 425 75 22 22
G 15 475 50 25 25
G 10 25 25 28 28
G 5 75 450 30 30
G 100 125 400 35 35
GEN
GNU plot1
BMP bmp_image1.bmp
BIN 2
WAVE
KMEANS 3 3